%%  支路数据
Branch=[1  2  0.1732   0.4081   
2  3  0.0500   0.0500   
2  4  0.0500   0.0500   
2  8  0.1299   0.3061  
4  5  0.0500   0.0500                        
4  6  0.0500   0.0500   
6  7  0.0500   0.0500   
8  9  0.0866   0.2040   
9  13  0.0500   0.0500   
9  10  0.2830   0.2869   
9  14  0.1299   0.3061   
10  15  0.5346   0.5420   
14  35  0.0500   0.0500   
% 14  19  0.3643   0.8184  
% 14  119  0.0500   0.0500 
15  12  0.3145   0.3188 
15  11  0.3145   0.3188  
16  17  0.0500   0.0500   
16  18  0.0500   0.0500  
19  20  0.3145   0.3188   
19  22  0.1325   0.2976 
% 19  120  0.0500   0.0500
20  21  0.4088   0.4144   
22  23  0.0500   0.0500   
22  24  0.1104   0.2480    
24  25  0.0500   0.0500  
% 24  26  0.1214   0.2728    
26  27  0.1516   0.3571    
26  29  0.0883   0.1984   
27  28  0.1191   0.2805 
27  32  0.0500   0.0500  
28  34  0.6290   0.6376    
29  30  0.1325   0.2976    
30  31  0.1546   0.3472  
31  121  0.0883   0.1984   
32  33  0.0500   0.0500   
35  16  0.0500   0.0500   
36  37  0.2815   0.6631   
36  41  0.1083   0.2550   
37  38  0.3774   0.3826   
37  39  0.0500   0.0500   
39  40  0.0500   0.0500   
41  42  0.0500   0.0500    
41  43  0.1083   0.2550   
43  44  0.0500   0.0500   
43  45  0.0866   0.2040   
45  46  0.2516   0.2550   
45  48  0.1083   0.2550   
46  47  0.3774   0.3826   
48  49  0.0655   0.1512   
48  50  0.1092   0.2520   
50  51  0.1092   0.2520  
51  52  0.1092   0.2520   
53  54  0.0866   0.2040 
54  55  0.0541   0.1275   
55  56  0.1191   0.2805    
55  58  0.1529   0.3528  
56  57  0.1191   0.2805   
58  59  0.0500   0.0500   
58  61  0.3276   0.7560  
59  60  0.0500   0.0500  
61  62  0.2429   0.5456  
61  63  0.3598   0.1779   
% 61  118  0.0500   0.0500
63  64  0.2519   0.1246   
64  65  0.5038   0.2491      
65  66  0.6117   0.3025  
66  67  0.4678   0.2313  
68  69  0.2516   0.2550  
68  73  0.1201   0.2772  
68  98  0.1092   0.2520  
69  70  0.3459   0.3507  
70  71  0.4088   0.4144  
71  72  0.3459   0.3507  
73  74  0.0500   0.0500  
73  77  0.0873   0.2016  
74  75  0.0500   0.0500  
75  76  0.0500   0.0500  
77  78  0.1732   0.4081  
77  87  0.3057   0.7056  
78  79  0.0500   0.1020  
79  80  0.0974   0.2295  
79  81  0.2057   0.4846  
81  82  0.2057   0.4846  
82  83  0.1083   0.2550  
82  85  0.0500   0.0500  
83  84  0.1083   0.2550  
85  86  0.0500   0.0500  
% 87  88  0.1949   0.4591  
88  89  0.2201   0.2232  
88  90  0.1191   0.2805  
90  91  0.0500   0.0500  
90  92  0.0974   0.2295  
92  93  0.0500   0.0500  
92  94  0.0974   0.2295  
94  95  0.3459   0.3507  
94  96  0.1299   0.3061  
96  97  0.0500   0.0500 
98  99  0.1201   0.2772  
% 98  122  0.0500   0.0500
99  100  0.2402   0.5544  
100  101  0.1310   0.3024  
101  116  0.3494   0.8064  
102  103  0.0500   0.0500  
102  106  0.1201   0.2772  
103  104  0.0500   0.0500  
104  105  0.0500   0.0500  
106  107  0.0500   0.0500  
106  109  0.1419   0.3276  
107  108  0.0500   0.0500  
109  110  0.5661   0.5738  
109  117  0.4367   1.0080  
110  111  0.3774   0.3826  
111  112  0.7233   0.7333  
111  113  0.1572   0.1594  
113  114  0.6604   0.6695  
114  115  0.4088   0.4144  
120  36  0.1638   0.3780  
119  53  0.1732   0.4081  
118  68  0.1516   0.3571  
122  102  0.1092   0.2520  
52  123  0.1092   0.2520 

14  19  0.3643   0.8184 
14   119  0.0500   0.0500
19   120  0.0500   0.0500
24  26  0.1214   0.2728 
61   118  0.0500   0.0500
87  88  0.1949   0.4591  
98   122  0.0500   0.0500
47   67   0.0500   0.0500
121   49   0.0500   0.0500
% 55   95   0.0500   0.0500
% 117  123  0.0500   0.0500
];
Branch=[(1:124)' Branch];

%% 节点数据
Bus=[1  0  0
2  20  10  
3  40  20  
4  20  10   
5  40  20  
6  20  10  
7  40  20  
8  20  10  
9  40  20  
10  20  10  
11  40  20  
12  20  10  
13  40  20  
14  40  20  
15  40  20  
16  40  20  
17  40  20  
18  40  20  
19  40  20  
20  20  10  
21  20  10  
22  40  20  
23  40  20  
24  40  20  
25  40  20  
26  20  10  
27  20  10  
28  0  0  
29  20  10 
30  40  20 
31  20  10  
32  20  10  
33  105  75  
34  210  150  
35  140  95  
36  40  20  
37  20  10  
38  40  20  
39  40  20 
40  20  10   
41  20  10   
42  0  0  
43  20  10  
44  20  10  
45  40  20  
46  40  20  
47  75  35  
48  140  100 
49  75  35  
50  20  10 
51  40  20 
52  20  10  
53  0  0  
54  40  20  
55  40  20  
56  40  20 
57  245  180
58  40  20 
59  40  20  
60  40  20  
61  40  20 
62  20  10 
63  20  10
64  40  20 
65  20  10 
66  40  20
67  40  20 
68  40  20 
69  40  20 
70  40  20 
71  20  10 
72  20  10 
73  40  20 
74  40  20 
75  40  20 
76  0  0 
77  40  20 
78  40  20 
79  40  20 
80  40  20 
81  40  20 
82  20  10 
83  20  10 
84  40  20 
85  20  10 
86  40  20 
87  20  10 
88  40  20 
89  20  10 
90  40  20 
91  20  10
92  40  20 
93  20  10 
94  40  20 
95  20  10 
96  40  20 
97  20  10 
98  40  20 
99  40  20 
100  40  20 
101  40  20 
102  40  20
103  40  20
104  40  20 
105  20  10 
106  20  10 
107  40  20 
108  40  20 
109  40  20 
110  40  20 
111  0  0 
112  20  10 
113  20  10 
114  20  10 
115  40  20 
116  20  10 
117  20  10 
118  105  75 
119  210  150 
120  140  95 
121  40  20 
122  20  10 
123  40  20];
% zero2=find(Bus(2:123,2)==0);
% Bus(zero2+1,2:3)=0.2;